10		1670806.289	12288000
2		1664903.588	12291968.28
3		1669026.712	12276552.85
4		1676956.552	12283289.37
5		1677900.671	12267225.74
6		1680082.43	12257810.04
7		1668748.688	12274047.66
8		1664363.248	12289282.67
9		1668007.975	12284492.28
10		1666365.811	12286482.95
11		1685785.59	12287268.63
12		1672643.492	12285163.05
13		1673946.93	12276991.3
14		1666972.511	12260276.84
15		1674133.539	12271064.78
16		1666525.801	12292390.35
17		1664142.928	12294990.32
18		1662686.809	12292567.25
19		1684660.784	12274361.02
20		1664941.362	12293054.12
21		1687545.052	12275309.98
22		1675969.412	12268742.36
23		1670479.088	12289152.81
24		1664457.128	12292771.22
25		1675435.039	12283475.99
26		1681830.583	12277876.53
27		1663670.995	12276922.25
28		1674544.692	12285947.74
29		1662888.254	12276225.33
30		1681693.191	12279248.51
31		1668012.62	12285305.78
32		1662845.119	12280100.17
33		1673792.572	12276405.67
34		1680608.492	12266361.86
35		1685872.536	12275830.08
36		1667627.367	12274484.79
37		1665654.832	12284146.9
38		1682829.675	12282271.68
39		1679305.501	12279452.35
40		1691988.22	12273067.54
41		1677027.621	12277198.98
42		1680444.599	12279294.24
43		1683215.629	12273383.69
44		1671837.563	12286491.82
45		1673463.217	12274578.51
46		1691395.861	12275279.48
47		1665728.052	12259341.8
48		1671766.375	12282942.83
49		1685510.745	12276023.57
50		1682352.405	12277930.97
51		1681028.91	12272838.74
52		1689145.498	12276120.67
53		1672553.384	12280070.71
54		1688192.027	12283981.52
55		1680549.796	12280114.53
56		1693695.409	12276525.39
57		1662466.182	12281293.82
58		1662987.303	12295391.13
59		1681744.616	12272155.92
60		1679334.71	12273164.98
61		1665826.147	12282552.06
62		1671738.51	12280299.27
63		1670420.532	12266981.81
64		1688162.601	12275409.32
65		1682656.668	12272704.41
66		1660863.478	12283726.03
67		1677018.753	12277674.39
68		1675749.751	12268324.62
69		1678503.959	12270356.23
70		1663157.763	12281256.12
71		1665606.02	12258961.34
72		1680719.76	12273310.94
73		1680861.731	12281619.65
74		1684487.052	12274174.14
75		1682519.833	12277879.37
76		1675749.215	12268650.04
77		1684194.118	12274537.51
78		1665316.563	12281577.28
79		1670200.47	12263062.34
80		1671310.24	12282700.41
81		1672117.418	12283282.83
82		1669131.529	12266470.38
83		1661004.794	12256840.7
84		1669452.68	12276195.23
85		1684664.306	12274365.06
86		1668929.158	12284243.5
87		1663496.321	12286330.41
88		1663141.698	12283965.19
89		1692167.756	12278034.65
90		1668559.44	12285061.93
91		1667786.57	12274887.11
92		1662431.468	12281111.59
93		1670253.62	12282586.86
94		1668719.229	12283634.4
95		1670741.134	12272190.37
96		1665004.391	12278164.44
97		1673581.153	12286687.55
98		1664802.433	12289777.41
99		1678293.38	12282893.04
100		1678669.769	12266422.09
101		1682928.651	12275160.14
102		1662230.707	12256497.07
103		1669701.561	12283386.74
104		1691274.14	12273545.24
105		1667884.084	12278196.46
106		1669792.889	12264550.28
107		1667372.997	12260581.49
108		1673383.111	12289089.34
109		1682879.97	12282841.18
110		1680405.945	12280172.96
111		1675480.12	12286113.1
112		1670296.558	12284791.7
113		1662920.78	12284021.65
114		1669990.3	12266874.12
115		1673683.942	12288000
116		1674152.881	12269812.39
117		1674917.862	12270440.23
118		1684642.212	12276548.99
119		1664759.54	12278321.89
120		1662575.111	12280373.48
121		1688071.969	12275103.42
122		1670273.231	12288254.34
123		1672458.681	12265257.65
124		1667108.326	12278469.28
125		1675617.119	12286711.85
126		1683166.882	12282324.62
127		1660445.51	12283864.35
128		1679861.668	12259796.09
129		1664921.914	12293740.03
130		1685199.821	12275828.86
131		1676908.1	12268903.48
132		1668209.159	12267644.61
133		1675447.397	12285460.86
134		1682162.478	12277885.35
135		1678880.889	12274434.72
136		1674320.01	12278156.66
137		1680883.555	12279692.88
138		1674984.672	12287113.04
139		1673667.779	12281152.9
140		1669175.053	12274186.59
141		1664964.77	12279012.35
142		1673842.285	12275197.72
143		1667138.051	12261699.7
144		1685288.369	12275209.31
145		1675616.369	12286527.7
146		1669966.797	12283867.17
147		1673476.561	12286162.92
148		1678868.331	12283212.41
149		1671320.98	12280228.03
150		1676066.507	12268170.48
151		1669897.259	12262766.22
152		1663029.623	12283098.88
153		1663109.569	12279533.48
154		1688400.321	12274751.41
155		1681539.075	12278592.08
156		1660189.481	12284246.11
157		1675629.444	12268914.8
158		1667692.411	12279664.65
159		1663766.932	12295101.96
160		1665856.551	12278251.61
161		1662511.86	12279773.13
162		1688155.159	12275684.09
163		1692304.78	12272449.88
164		1670700.997	12280408.4
165		1669488.118	12294911.41
166		1670244.019	12286804.31
167		1663147.965	12283526.07
168		1671350.528	12287628.99
169		1666752.175	12260066.62
170		1669417.88	12264597.48
171		1675743.333	12285735.74
172		1668543.261	12261808.29
173		1669365.652	12289386
174		1669772.794	12283364.43
175		1672522.058	12280006.37
176		1670021.491	12286627.14
177		1668888.828	12274372.45
178		1692912.532	12275073.43
179		1669859.822	12284332.01
180		1679132.33	12273857.28
181		1686634.916	12272454.14
182		1673941.773	12289419.7
183		1670275.23	12288092.35
184		1662482.394	12294700.31
185		1668649.569	12275027.58
186		1680254.688	12271750.1
187		1664875.33	12288132.78
188		1665657.158	12284210.05
189		1671641.811	12292806.51
190		1663918.021	12296012.21
191		1664876.28	12292623
192		1674432.625	12272646.14
193		1667819.301	12262407.42
194		1662976.928	12257352.61
195		1680962.71	12283180.81
196		1673622.858	12287570.79
197		1664836.221	12285271.97
198		1668183.452	12280738.28
199		1666395.7	12277981.72
200		1673628.445	12278797.91
201		1664388.459	12288335.54
202		1666749.152	12284240.85
203		1672776.551	12265616.62
204		1684075.4	12277146.97
205		1672845.511	12275161.23
206		1675283.852	12274619.87
207		1662404.34	12294317.92
208		1674645.601	12268033.62
209		1662171.491	12256746.63
210		1669147.47	12289179.64
211		1692886.338	12275343.84
212		1664094.727	12289364.06
213		1675662.748	12286397.23
214		1673730.431	12278541.3
215		1675263.482	12273491.15
216		1670441.728	12286783.25
217		1692152.359	12278197.89
218		1674499.234	12282281.66
219		1681649.232	12273664.7
220		1671019.789	12290279.03
221		1675016.948	12284588.86
222		1673571.797	12293136.96
223		1663087.741	12285378.36
224		1691623.619	12274644.92
225		1674866.879	12274704.26
226		1670838.225	12282478.54
227		1685829.618	12275798.04
228		1671529.47	12264403.89
229		1681398.75	12280575.65
230		1674584.513	12270202.17
231		1663055.436	12283703.23
232		1676994	12268938
233		1664163.527	12284342.17
234		1673615.469	12266421.32
235		1681921.78	12276047.65
236		1681586.412	12278164.11
237		1669060.512	12275937.84
238		1680382.229	12273571.29
239		1670200.171	12286954.73
240		1681551.858	12279879.09
241		1668244.728	12281028.88
242		1693062.499	12276129.09
243		1671136.959	12293927.63
244		1678952.868	12283386.07
245		1687698.16	12275143.58
246		1692212.308	12275954.04
247		1665016.269	12293036.84
248		1666269.195	12278819.69
249		1668046.949	12261415.89
250		1673874.291	12274484.22
251		1683119.77	12277736.18
252		1672472.722	12292533.23
253		1681411.681	12271272.54
254		1675411.139	12269853.84
255		1686023.265	12275638.56
256		1680727.878	12279307.68
257		1661025.61	12283715.98
258		1679829.388	12266599.18
259		1663006.108	12276453.27
260		1664889.781	12292299.71
261		1674770.75	12267756.56
262		1670299.179	12284684.81
263		1685271.46	12273423.84
264		1668123.298	12267833.55
265		1667317.042	12263268.84
266		1670885.596	12291702.98
267		1673854.54	12281160.62
268		1673733.524	12278589.22
269		1670249.622	12285031.16
270		1685845.195	12275809.67
271		1665247.882	12282384.09
272		1663358.581	12257094.63
273		1672416.664	12283881.99
274		1678190.189	12269607.23
275		1667872.84	12291692.45
276		1669781.547	12283406.82
277		1679886.261	12259763.65
278		1669590.092	12289720.87
279		1669211.241	12281814.58
280		1667369.749	12260684.09
281		1673769.249	12284448.87
282		1678664.285	12279640.57
283		1674320.313	12277718.8
284		1673493.658	12277690.03
285		1666181.479	12293553.37
286		1665943.436	12278103.54
287		1670529.506	12284340.44
288		1673665.182	12281393.5
289		1665152.895	12283005.34
290		1669385.579	12264828.2
291		1674284.891	12271581.04
292		1668900.801	12283695.74
293		1668890.131	12281613.39
294		1668721.589	12289506.31
295		1664938.74	12278316.22
296		1679236.381	12283294.68
297		1677067.303	12268367.51
298		1663826.475	12295928.12
299		1674735.741	12287378.2
300		1682023.074	12272365.41
301		1688496.069	12275334.53
302		1674617.449	12272258.49
303		1663530.032	12285878.73
304		1670267.382	12282578.99
305		1670349.388	12263210.18
306		1667443.825	12275951.58
307		1678457.912	12283332.87
308		1681616.772	12279600.58
309		1665561.32	12280976.42
310		1689001.532	12276021.37
311		1674699.34	12285880.66
312		1664880.339	12292976.1
313		1675618.339	12286817
314		1673871.719	12270757.17
315		1678635.002	12270171.43
316		1670266.563	12288498.75
317		1666655.98	12260455.34
318		1671856.962	12265047.97
319		1685676.71	12275880.78
320		1675307.899	12287508.44
321		1670835.092	12282505.04
322		1681586.42	12278554.79
323		1691831.139	12274580.91
324		1672012.901	12279688.13
325		1686911.208	12275406.52
326		1679256.837	12279558.76
327		1681312.75	12283848.6
328		1661559.192	12283932.67
329		1670627.298	12288186.73
330		1670320.098	12285421.61
331		1674122.406	12288036.71
332		1672018.57	12267739.91
333		1673761.934	12276440.15
334		1678821.829	12269978.71
335		1667530.816	12275370.14
336		1663444.208	12257487.12
337		1663562.767	12280407.87
338		1673575.537	12292499.25
339		1666586.536	12285087.28
340		1669741.091	12280294.09
341		1667537.042	12261657.71
342		1673289.288	12287630.7
343		1681379.72	12280577.78
344		1671564.52	12283260.2
345		1675583.089	12286288.22
346		1669080.574	12285948.68
347		1672755.588	12284118.61
348		1672472.697	12292763.23
349		1670053.952	12286090.2
350		1671194.028	12264021.31
351		1664622.021	12288000
352		1664415.62	12284151.34
353		1669348.391	12276271.32
354		1663670.68	12277030.13
355		1685878.258	12287096.29
356		1670700.551	12290040.66
357		1669809.81	12283544.11
358		1670157.568	12285760.35
359		1682931.87	12282666.28
360		1668746.828	12261737.31
361		1670586.559	12273449.45
362		1671672.429	12288000
363		1669587.409	12282875.05
364		1686350.646	12286465.33
365		1680878.963	12281587.24
366		1668574.256	12281312.35
367		1668577.95	12267577.78
368		1664417.631	12284934.73
369		1667999.91	12280371.08
370		1688896.379	12277121.92
371		1668504.431	12267561.15
372		1662744.132	12279671.25
373		1674353.486	12271400.75
374		1680356.072	12283257.05
375		1664258.128	12287931.37
376		1664892.57	12293065.38
377		1676785.302	12283353.93
378		1678773.459	12269650.59
379		1693968.12	12277271.72
380		1669206.744	12276103.06
381		1680264.342	12270391.39
382		1670292.888	12285016.42
383		1671885.851	12266354.27
384		1664856.853	12292302.9
385		1669187.75	12262068.88
386		1691914.619	12281507.95
387		1675130.35	12283478.73
388		1674790.071	12288050.07
389		1667171.658	12260391.38
390		1675612.117	12286112.89
391		1674393.304	12278144.01
392		1675048.754	12273446.67
393		1673984.06	12266990.31
394		1669857.561	12289896.08
395		1681401.629	12271531.68
396		1683853.921	12273477.45
397		1674386.852	12271378.53
398		1668011.248	12267909.7
399		1691905.825	12280383.48
400		1674569.489	12268205.11
401		1663095.04	12284413.78
402		1667324.39	12260220.37
403		1687299.926	12275411.63
404		1668558.003	12267573.3
405		1667340.741	12261667.73
406		1668008.606	12284692.3
407		1675570.588	12270365.82
408		1670297.017	12284328.04
409		1683265.448	12274685
410		1685969.202	12275677.28
411		1692000	12273072.1
412		1679175.629	12276675.56
413		1686093.827	12286266.92
414		1677113.949	12280080.34
415		1677610.781	12276913.44
416		1670535.687	12282425.84
417		1672175.107	12283060.47
418		1668869.356	12261838.04
419		1675984.64	12273547.67
420		1679627.652	12260104.77
421		1682029.861	12277523.96
422		1673886.043	12266705.66
423		1669582.949	12281790.68
424		1666975.357	12259867.32
425		1662873.189	12280504.97
426		1671528.18	12266449.68
427		1663360.609	12285489.52
428		1665617.57	12278727.81
429		1689036.733	12283707.36
430		1667296.701	12285351.48
431		1670341.499	12285420.4
432		1675076.803	12267924.89
433		1665892.088	12280726.33
434		1665036.766	12285371.17
435		1668244.851	12268022.94
436		1672079.879	12264837.23
437		1682254.818	12277926.43
438		1673623.1	12284679.16
439		1679157.038	12274546.05
440		1678923.987	12274859.93
441		1664596.782	12293551.94
442		1668920.789	12284702.22
443		1677417.741	12270583.49
444		1683309.149	12277641.9
445		1671571.995	12287047.82
446		1674478.119	12286195.37
447		1673080.06	12284219.06
448		1677063	12268966
449		1669982.28	12286627.21
450		1675732.286	12268915.37
451		1673069.333	12284208.73
452		1669502.319	12281883.26
453		1668406.406	12283697.19
454		1675199.13	12267998.95
455		1665165.45	12293747.7
456		1673911.933	12276991.04
457		1673682.377	12274230.33
458		1673610.722	12288812.44
459		1683008.932	12272726.05
460		1662643.252	12280100.12
461		1663847.402	12285579.37
462		1665452.03	12281252.57
463		1665181.457	12278220.55
464		1681227.045	12270883
465		1669871.729	12281408.54
466		1678531.484	12270114.8
467		1675590.937	12286112.92
468		1686252.944	12273107.68
469		1682933.447	12272899.72
470		1662794.202	12281025.65
471		1688793.738	12283583.47
472		1669343.599	12283037.1
473		1670270.704	12285023.98
474		1669648.841	12282858.92
475		1682950.22	12272885.63
476		1674323.631	12266416.09
477		1665653.222	12283620.31
478		1674207.701	12269531.94
479		1662315.223	12294474.17
480		1662355.749	12257085.53
481		1679025.65	12270065.24
482		1675053.059	12286954.2
483		1664384.207	12294387.29
484		1681260.35	12278023.63
485		1663116.184	12283703.22
486		1687977.941	12275309.63
487		1680891.595	12279696.59
488		1675629.829	12285891.1
489		1679895.321	12259751.7
490		1675228.675	12272219.73
491		1674268.13	12266091.59
492		1667399.572	12261468.82
493		1668563.135	12283672.9
494		1670298.631	12284558.43
495		1665133.886	12294121.99
496		1688541.4	12276943.13
497		1673946.16	12267047.78
498		1681417.149	12283859.18
499		1671178.881	12264049.04
500		1668093.856	12280755.25
501		1666397.94	12277044.46
502		1664841.98	12294144.64
503		1669184.56	12262249.46
504		1664697.818	12289080.85
505		1677909.482	12277195.81
506		1679999.998	12266630.1
507		1673774.529	12274330.11
508		1662957.231	12283118
509		1673655.36	12278801.38
510		1669833.948	12280151.52
511		1666187.021	12286529.75
512		1668612.41	12289607.09
513		1666556.701	12259881.44
514		1671735.581	12280409.22
515		1670422.969	12266801.44
516		1685836.065	12272058.76
517		1681976.74	12271041.89
518		1679631.674	12279343.43
519		1660510.149	12284049.75
520		1665613.626	12278455.28
521		1674143.943	12273879.84
522		1668968.93	12277159.85
523		1674385.918	12284134.07
524		1672926.522	12284878.33
525		1678457.711	12274937.83
526		1679336.34	12282953.18
527		1673856.392	12275198.91
528		1671616.404	12286710.31
529		1669556.472	12284060.74
530		1672026.495	12264418.22
531		1664921.537	12290950.41
532		1685812.308	12275785.12
533		1682055.58	12272283.41
534		1687747.349	12282739.97
535		1668416.723	12281275.9
536		1672780.594	12274370.33
537		1674050.89	12289744.82
538		1663580.15	12286004.69
539		1665647.86	12282972.73
540		1680270.351	12283251.12
541		1665780.571	12259127.49
542		1674482.117	12284032.81
543		1671150.271	12292514.5
544		1678467.075	12269930.77
545		1664354.331	12277019.94
546		1675615.89	12286409.83
547		1691184.307	12273169.71
548		1664158.841	12277419.78
549		1692000	12273042.17
550		1673288.608	12266509.35
551		1671536.888	12264379.6
552		1673972.44	12268069.22
553		1667474.099	12284247.77
554		1674088.459	12277721.47
555		1674008.169	12289009.61
556		1681852.82	12278475.17
557		1675852.221	12283429.85
558		1670717.443	12290241.77
559		1685410.221	12287738.83
560		1677904.079	12270845.27
561		1680565.271	12283007.21
562		1691101.301	12275074.55
563		1675459.386	12285448.81
564		1671454.17	12272253.56
565		1673342.049	12280286.53
566		1676496.022	12268725.48
567		1678542.048	12279603.16
568		1681106.369	12281096.83
569		1673406.811	12267874.56
570		1670555.769	12288681.54
571		1681467.988	12280220.66
572		1661615.242	12293746.64
573		1669586.983	12275837.25
574		1661554.838	12284345.04
575		1672569.404	12265477.63
576		1675041.541	12284646.3
577		1668451.498	12264857.16
578		1672257.19	12267838.22
579		1659700.579	12284240.25
580		1675277.13	12272246.03
581		1671292.226	12282727.58
582		1675560.016	12286439.56
583		1663584.447	12295145.84
584		1670855.261	12263685.75
585		1663873.44	12276942.49
586		1688597.9	12274930.6
587		1664631.679	12292589.7
588		1662908.033	12276247.39
589		1692606.52	12272774.81
590		1692121.201	12276137.84
591		1683134.909	12277782.83
592		1662711.97	12256762.14
593		1680138.935	12273652.15
594		1670579.809	12284555.38
595		1678834.33	12283142.56
596		1685341.686	12275098.94
597		1670981.581	12291021.12
598		1692261.571	12277819.5
599		1674640.407	12283872.68
600		1668769.463	12285267.85
601		1668761.103	12283682.19
602		1682835.422	12273715.52
603		1686425.402	12275361.69
604		1674346.568	12272927.06
605		1660205.48	12283938.93
606		1683121.388	12278254.81
607		1685325.72	12276115.48
608		1687171.98	12275436.74
609		1672887.102	12284952.44
610		1678112.758	12277952.06
611		1674436.713	12272613.6
612		1668955.671	12281655.63
613		1670290.451	12272151.89
614		1669665.008	12262537.76
615		1678662.949	12279553.2
616		1683180.272	12277580.58
617		1674064.21	12280658.77
618		1686201.789	12273141.31
619		1665193.339	12293229.69
620		1668711.623	12283618.19
621		1681672.948	12271868.34
622		1664637.815	12289413
623		1663755.131	12277054.7
624		1678534.151	12283007.48
625		1663022.619	12283531.34
626		1679259.95	12279457.76
627		1668901.714	12284252.42
628		1672146.049	12264242.44
629		1667504.81	12278933.54
630		1670760.77	12291117.04
631		1666311.51	12259640.73
632		1665036.213	12285271.18
633		1670704.311	12290061.8
634		1671166.63	12272800.05
635		1670360.03	12263220.75
636		1677267.16	12279858.83
637		1662161.57	12294162.38
638		1674340.92	12271409.12
639		1675027.34	12287050.36
640		1681629.191	12272081.02
641		1675210.755	12269045.12
642		1673662.016	12281635.74
643		1688163.47	12275377.31
644		1672490.068	12265559.74
645		1663588.596	12277002.24
646		1677482.048	12276119.47
647		1662996.679	12282262.76
648		1659688.012	12283623.79
649		1673234.75	12284368.13
650		1675577.67	12269491.45
651		1674600.999	12267568.94
652		1672847.379	12265706.56
653		1674489.899	12280689.93
654		1664844.147	12293954.7
655		1692906.15	12275200.41
656		1694018.313	12277577.76
657		1678663.711	12279616.9
658		1675290.43	12268398.24
659		1684121.84	12273758.95
660		1681124.101	12283565.08
661		1664380.89	12278334.33
662		1675667.852	12278022.26
663		1674732.821	12278111.46
664		1673302.219	12268144.03
665		1671744.129	12280088.3
666		1688551.84	12275120.24
667		1670188.26	12285034.72
668		1670321.601	12280625.75
669		1665532.652	12282384.7
670		1680612.6	12283230.15
671		1662524.16	12283227.53
672		1669777.423	12283386.8
673		1681120.791	12282046.45
674		1682714.651	12282252.59
675		1681437.428	12273947.33
676		1681066.658	12281234.17
677		1683567.459	12277930.51
678		1677603.351	12269196.21
679		1688200.203	12283062.19
680		1681819.524	12278485.12
681		1664804.486	12289792.23
682		1663814.728	12280245.41
683		1672238.201	12279690.27
684		1673981.115	12277221.09
685		1667718.99	12263233.55
686		1665656.351	12284188
687		1673605.503	12278794.97
688		1683431.136	12271776.06
689		1672278.997	12292774.21
690		1667896.679	12283876.72
691		1670383.991	12282512.26
692		1671167.409	12264070.04
693		1679564.151	12273412.02
694		1680795.958	12282007.64
695		1667517.516	12260758.34
696		1681355.324	12270995.04
697		1684367.891	12276444
698		1673633.229	12284690.98
699		1671430.679	12265414.36
700		1668856.622	12292438.75
701		1672256.789	12285775.05
702		1667933.072	12288464.64
703		1670503.562	12282443.85
704		1667170.02	12285936.3
705		1669661.678	12276053.04
706		1680893.045	12280180.8
707		1664238.009	12285211.1
708		1692230.47	12281776.13
709		1669873.757	12266154.27
710		1670646.299	12275985.93
711		1665377.459	12278539.06
712		1681592.511	12278552.97
713		1664316.537	12277560.87
714		1664735.89	12287037.08
715		1673005.321	12265145.09
716		1673775.827	12276424.52
717		1676925.803	12268910.64
718		1676898.52	12283162.97
719		1666900.011	12278019.07
720		1672192.359	12282978.27
721		1667269.688	12280185.73
722		1674770.582	12268432.47
723		1664836.361	12290022.11
724		1677674.101	12282933.96
725		1663578.909	12278582.85
726		1691214.531	12275154.07
727		1662893.099	12280356.9
728		1668228.041	12267636.16
729		1662120.381	12256954.47
730		1674274.352	12286143.43
731		1685494.561	12275693.16
732		1687627.529	12274511.13
733		1681438.321	12280344.78
734		1669053.979	12281719
735		1689138.371	12275284.83
736		1665859.206	12278130.23
737		1674318.408	12285859.42
738		1691275.144	12273314.4
739		1673027.382	12274633.02
740		1663071.148	12279672.97
741		1660029.266	12284465.27
742		1671736.474	12280375.71
743		1675086.023	12288002.49
744		1688506.026	12275296.29
745		1675579.591	12285914.51
746		1680557.599	12283033.51
747		1672785.001	12285304.38
748		1669677.591	12262532.32
749		1692480.121	12273262.72
750		1679869.18	12266402.08
751		1679243.381	12279459.73
752		1676810.46	12283160.59
753		1668842.302	12283581.85
754		1688662.141	12275322.63
755		1673359.788	12279177.33
756		1682734.341	12277838.79
757		1681159.338	12281125.4
758		1676340.53	12283192.51
759		1688911.199	12276842.02
760		1674434.255	12272605.61
761		1688723.45	12283409.82
762		1673424.98	12265072.43
763		1673898.138	12280676.94
764		1669708.516	12281995.5
765		1678554.229	12269872.86
766		1682841.209	12272808.65
767		1663595.391	12289860.72
768		1682615.548	12282274.24
769		1679000.48	12264626.68
770		1684327.312	12273985.19
771		1674636.049	12271981.96
772		1693138.869	12275135.05
773		1671224.642	12275678.67
774		1661651.319	12256585.69
775		1668756.319	12294814.48
776		1670702.201	12263533.04
777		1679221.619	12283309.44
778		1680690.51	12272624.06
779		1682159.561	12277912.92
780		1673496.64	12288562.72
781		1669413.104	12279773.88
782		1674105.121	12277722.28
783		1671880.149	12264838.72
784		1670680.599	12290042.08
785		1673008.004	12279608.44
786		1664435.698	12285302.03
787		1663853.218	12285562.22
788		1672303.872	12280130.72
789		1667974.548	12289462.73
790		1668373.339	12294740.78
791		1668318.718	12267595.58
792		1673732.869	12274212.27
793		1686060.608	12275612.64
794		1664209.869	12258553.96
795		1683126.508	12277756.94
796		1685779.413	12272646.05
797		1678866.16	12265996.25
798		1691850.882	12273420.18
799		1688395.693	12275172.79
800		1674596.051	12274500.45
801		1680152.935	12259239.88
802		1670380.121	12284556.9
803		1668737.268	12277443.29
804		1670228.88	12266398.25
805		1674624.9	12287875.1
806		1661965.659	12256750.59
807		1692795.46	12275568.13
808		1683616.193	12282264.47
809		1670223.686	12266392.08
810		1668498.43	12277645.52
811		1670738.43	12263680.58
812		1669156.477	12279968.68
813		1664149.019	12285455.37
814		1662884.662	12281252.64
815		1675732.962	12266073.88
816		1660376.939	12284035.97
817		1683219.528	12273025.77
818		1682953.898	12277299.61
819		1664109.829	12294496.78
820		1674021.759	12284308.49
821		1690965.822	12274981.24
822		1673728.183	12278197.51
823		1669890.452	12282769.85
824		1689062.439	12283329.64
825		1684442.971	12274704.74
826		1668694.178	12294417.84
827		1676712.59	12283381.5
828		1680856.071	12279310.94
829		1675648.949	12268281.89
830		1678327.729	12283028.98
831		1668560.759	12292430.84
832		1686531.828	12275536.01
833		1691626.089	12275427.89
834		1668005.927	12284267.48
835		1671812.336	12266158.88
836		1678256.262	12267274.98
837		1680888.601	12271034.07
838		1687854.078	12275449.47
839		1673033.03	12284691.93
840		1672724.872	12284974.57
841		1688502.582	12275309.53
842		1661545.298	12284136.47
843		1664160.893	12285422.78
844		1681178.02	12271853.49
845		1660944.559	12283243.25
846		1664980.351	12278329.32
847		1668194.491	12291710.7
848		1665333.16	12284492.34
849		1671269.788	12264102.94
850		1683099.622	12276443.14
851		1669937.744	12285152.9
852		1673535.56	12284577.01
853		1674035.968	12270514.21
854		1685567.282	12275262.13
855		1669694.901	12262524.84
856		1673618.86	12287682.24
857		1670271.794	12287908.26
858		1675070.262	12286987.3
859		1670602.431	12289641.96
860		1668136.741	12283811.73
861		1675750.398	12268345.62
862		1673899.633	12276990.95
863		1670441.02	12263329.37
864		1682307.681	12277646.44
865		1674410.798	12272924.99
866		1683759.43	12272392.09
867		1675430.452	12286508.49
868		1671966.149	12264735.59
869		1685819.878	12272318.88
870		1680994.712	12271973.44
871		1665839.95	12278060.24
872		1680892.214	12279854.35
873		1681026.792	12273476.85
874		1663170.632	12285670.94
875		1670051.036	12283898.06
876		1671455.181	12275454.07
877		1668381.948	12294748.97
878		1668207.93	12291284.54
879		1681174.625	12279294.02
880		1677019.241	12277474.73
881		1681589.681	12280554.3
882		1673739.922	12278812.26
883		1675263.351	12285129.83
884		1683601.001	12272521.83
885		1683921.112	12273546.17
886		1668200.831	12291585.85
887		1665591.63	12282587.64
888		1667622.792	12263480.54
889		1667896.4	12261094.43
890		1676247.669	12277877.7
891		1670399.548	12263377.31
892		1662044.748	12283349.48
893		1671386.729	12282614.33
894		1663101.807	12283078.79
895		1667122.899	12278485.23
896		1667609.902	12263268.61
897		1662232.03	12256542.06
898		1666191.35	12259520.77
899		1675620.342	12283456.12
900		1659626.462	12284115.41
901		1672297.388	12275295.69
902		1667901.84	12283890.44
903		1674190.891	12273824.67
904		1676036.34	12277961.8
905		1685589.171	12275125.91
906		1662843.149	12276407.76
907		1664477.26	12285279.4
908		1680619.449	12271292.11
909		1662898.367	12281451.67
910		1681611.971	12279621.17
911		1675427.56	12285480.8
912		1671146.392	12294235.59
913		1678663.478	12279597.55
914		1664877.956	12293336.06
915		1670233.205	12286841.4
916		1665832.991	12278524.99
917		1673874.283	12273326.65
918		1663902.092	12292287.3
919		1667624.319	12285227.3
920		1664697.568	12277902.37
921		1662736.288	12257433.39
922		1670824.512	12287767.74
923		1669954.632	12286502.68
924		1684762.954	12276444.52
925		1660233.571	12284095.11
926		1676550.568	12268587.24
927		1661604.965	12293800.67
928		1683368.811	12272369.11
929		1665611.381	12278364.44
930		1681512.651	12277955.87
931		1661968.657	12294178.59
932		1664285.662	12278499.64
933		1669994.154	12282719.79
934		1674999.749	12278102.99
935		1673465.686	12284513.92
936		1672901.319	12277017.97
937		1680725.019	12279286.41
938		1666531.72	12276748.17
939		1693402.25	12276341
940		1680498.744	12279933.54
941		1682663.341	12273255.5
942		1663309.2	12276624.31
943		1665980.959	12284206.57
944		1663672.47	12276876.58
945		1680695.421	12266761.25
946		1661160.614	12283729.92
947		1682967.952	12272849.7
948		1681178.258	12281140.16
949		1674758.556	12267783.56
950		1666760.539	12284256.6
951		1686308.019	12275184.88
952		1667872.73	12261777.6
953		1680446.602	12283263.32
954		1672263.896	12285596.52
955		1674353.65	12278347.1
956		1671071.669	12285417.93
957		1689073.658	12284006.42
958		1670468.381	12280560.05
959		1690960.64	12282521.22
960		1675046.058	12267632.94
961		1679922.174	12266170.11
962		1670531.193	12284987.94
963		1693048.073	12276158.89
964		1686716.312	12285802.3
965		1672330.529	12265673.76
966		1662434.2	12281193.22
967		1673734.4	12278609.66
968		1675566.656	12273512.05
969		1694004.902	12277496
970		1668860.386	12285180.11
971		1685145.193	12275007.46
972		1668291.759	12261398.93
973		1667343.788	12293415.39
974		1670902.008	12285454.42
975		1664415.62	12284693.69
976		1667857.89	12280049.78
977		1676101.557	12283415.44
978		1668863.56	12266355.11
979		1669268.769	12276376.13
980		1674739.932	12273371.21
981		1660084.321	12284845.48
982		1668845.05	12289370.95
983		1669331.471	12265005.31
984		1680782.093	12279458.41
985		1669252.07	12264515.76
986		1669925.1	12281374.53
987		1672089.611	12283254.85
988		1674536.811	12283975.54
989		1668572.363	12284135.46
990		1669900.97	12286402.79
991		1688920.189	12276646.67
992		1688764.521	12274943.95
993		1673983.269	12286352.48
994		1674554.092	12283957.47
995		1671786.519	12282929.96
996		1686223.899	12275501.15
997		1669215.292	12294857.16
998		1682004.978	12277941.11
999		1678085.839	12270157.81
1000		1668258.659	12277956.51
1001		1662873.971	12281228.51
1002		1672682.712	12265745.31
1003		1680584	12282944
1004		1674113.108	12285095.24
1005		1681230.04	12283434.95
1006		1668221.443	12289426.7
1007		1669106.838	12263545.09
1008		1670369.504	12285007.26
1009		1673361.112	12288255.78
1010		1669899.201	12283493.34
1011		1683465.477	12282259.78
1012		1673272.085	12272661.84
1013		1667998.899	12280429.67
1014		1684533.771	12276445.09
1015		1663726.14	12286335.89
1016		1674487.991	12266092.5
1017		1673959.455	12277256.57
1018		1668440.292	12267538.43
1019		1668000	12261513.25
1020		1665831.017	12278532.69
1021		1670054.321	12283903.67
1022		1672361.2	12273970.21
1023		1680783.092	12282090.07
1024		1680654.822	12282665.06
1025		1670288.6	12285423.39
1026		1668737.207	12283648.05
1027		1681557.933	12271806.6
1028		1673195.809	12268132.02
1029		1663762.07	12295307.24
1030		1673147.767	12265202.78
1031		1684789.447	12276444.91
1032		1661645.233	12293553.96
1033		1670954.63	12263788.52
1034		1688327.928	12283187.02
1035		1674172.82	12285639.53
1036		1672043.35	12283984.09
1037		1669909.711	12286048.99
1038		1671539.469	12293668.15
1039		1670841.691	12282449.2
1040		1671187.237	12263966.53
1041		1668729.117	12283641.91
1042		1671689.931	12288039.98
1043		1675048.34	12274323.42
1044		1680569.351	12272323.58
1045		1678047.701	12267075.7
1046		1666582.1	12286302.23
1047		1672118.971	12289996.12
1048		1669785.062	12280469.36
1049		1665051.638	12289739.5
1050		1671348.251	12287627.43
1051		1678042.127	12275646.75
1052		1666508.921	12287080.04
1053		1672943.77	12279668.82
1054		1662687.431	12257295.5
1055		1667373.951	12260653.75
1056		1669463.612	12282417.82
1057		1668637.94	12263654.89
1058		1675067.149	12284654.95
1059		1691418.95	12274415.12
1060		1663669.504	12277430.94
1061		1660512.578	12284445.25
1062		1668061.772	12280514.62
1063		1666334.411	12286366.19
1064		1668094.131	12267867.89
1065		1663141.6	12283974.94
1066		1667364.42	12278982.12
1067		1667082.361	12260380.9
1068		1674318.171	12271424.28
1069		1662633.171	12257034.02
1070		1667363.351	12260734.93
1071		1675742.501	12267466.15
1072		1663421.524	12284365.72
1073		1666085.329	12279964.61
1074		1666122.959	12259270.24
1075		1669209.041	12263342.62
1076		1686006.885	12275650.29
1077		1669719.149	12262514.71
1078		1667373.37	12293321.46
1079		1668119.579	12278653.56
1080		1661553.552	12283715.51
1081		1684848.458	12275424.11
1082		1669628.89	12279608.35
1083		1687211.453	12284312.61
1084		1673088.736	12278665.74
1085		1670354.004	12266463.97
1086		1663254.608	12257489.32
1087		1667127.233	12260386.17
1088		1675034.799	12267899.46
1089		1681297.902	12270990.59
1090		1661104.733	12256741.52
1091		1666184.559	12294083.01
1092		1680936.258	12281479.45
1093		1680150.469	12279507.89
1094		1666454.981	12293488.25
1095		1678739.549	12279617.1
1096		1665680.03	12278080.48
1097		1667982.695	12268211.95
1098		1665090.378	12288171.13
1099		1666187.971	12293821.3
1100		1687967.681	12284190.95
1101		1671938.739	12267667.17
1102		1671107.91	12292264.78
1103		1680807.455	12280112.33
1104		1680168.201	12274271.24
1105		1679999.998	12259611.12
1106		1683049.999	12277521.14
1107		1665725.598	12280658.93
1108		1686056.123	12286737.09
1109		1676362.374	12283389.82
1110		1680562.4	12270541.41
1111		1665555.119	12282384.74
1112		1687040.715	12285337.04
1113		1670076.611	12279626.96
1114		1676386.458	12268986.39
1115		1666435.259	12277460.78
1116		1680184.171	12283418.87
1117		1684536.507	12273131.34
1118		1682339.449	12277913.5
1119		1667594.689	12261426.32
1120		1663543.409	12278693.76
1121		1669945.412	12285152.4
1122		1673877.433	12277292.21
1123		1669375.245	12281914.26
1124		1673313.602	12292567.35
1125		1683081.71	12273149.26
1126		1672592.038	12283777.23
1127		1669582.22	12282846.76
1128		1670285.085	12288487.44
1129		1667634.588	12285338.53
1130		1671220.898	12263724.93
1131		1662560.91	12283624.42
1132		1672032.107	12283195.79
1133		1682333.232	12282016.39
1134		1673727.54	12268104.88
1135		1686081.981	12275244.63
1136		1675928.558	12282735.4
1137		1669769.628	12283249.67
1138		1661452.798	12283717.4
1139		1691636.96	12274515.11
1140		1674390.444	12273135.01
1141		1666589.985	12287350.24
1142		1675531.901	12265966.09
1143		1674340.449	12267337.64
1144		1668011.948	12285525.88
1145		1675732.63	12268835.83
1146		1681908.313	12276058.14
1147		1674842.172	12270119.1
1148		1662192.02	12282667.33
1149		1675935.972	12283419.46
1150		1671014.509	12263207.08
1151		1665645.059	12283882.32
1152		1666884.672	12286248.52
1153		1674459.491	12271330.14
1154		1665484.082	12281989.15
1155		1665191.885	12278180.54
1156		1675749.12	12268574.19
1157		1662912.842	12281253
1158		1681837.677	12278479.7
1159		1667350.17	12293455.08
1160		1664811.457	12285197.81
1161		1682961.189	12272876.42
1162		1669775.768	12264099.66
1163		1671718.181	12264532.1
1164		1682240.261	12281807.67
1165		1667088.19	12285595.49
1166		1665604.651	12278248.08
1167		1686407.461	12275334.67
1168		1684914.777	12276415.05
1169		1687124.13	12275755.8
1170		1664462.252	12277691.23
1171		1678099.528	12270924.92
1172		1670502.12	12288298.05
1173		1671303.211	12272631.47
1174		1668312.968	12281220.03
1175		1664921.811	12293058.64
1176		1662671.002	12294889.3
1177		1659845.831	12284240.2
1178		1665803.959	12277929.41
1179		1679650.782	12273621.58
1180		1661880.679	12256853.13
1181		1674988.018	12286178.9
1182		1674126.158	12286985.62
1183		1673509.592	12266982.73
1184		1666319.629	12279656.99
1185		1680990.587	12271088.28
1186		1662704.221	12282531.13
1187		1670274.612	12288066.76
1188		1667347.241	12261438.28
1189		1668007.934	12284479.56
1190		1674078.03	12289268.35
1191		1681436.433	12280349.92
1192		1667854.248	12291911.05
1193		1687518.731	12275440.56
1194		1667348.319	12261974.91
1195		1664997.538	12278179.93
1196		1660685.339	12283874.29
1197		1664339.114	12276835.98
1198		1664848.616	12293248.94
1199		1680809.221	12272574.73
1200		1674036.952	12285196.02
1201		1687076.121	12275926.9
1202		1674816.162	12283706.61
1203		1674884.643	12272339.49
1204		1666579.659	12287101.53
1205		1674976.402	12269044.55
1206		1667751.881	12263268.71
1207		1671415.52	12264777.02
1208		1678491.38	12276860.49
1209		1668469.722	12281304.45
1210		1683334.298	12273089.39
1211		1672912.182	12268072.83
1212		1670440.922	12282421.15
1213		1660103.789	12284166.94
1214		1671172.729	12264000
1215		1670505.028	12288593.08
1216		1681079.888	12270659.54
1217		1669891.148	12282216.19
1218		1680942.328	12281116.71
1219		1670220.02	12290067.47
1220		1670756.711	12275849.67
1221		1679976.397	12271675.27
1222		1664798.907	12285160.23
1223		1665822.653	12278131.71
1224		1663968.549	12296076.41
1225		1666852.67	12278175.78
1226		1669973.564	12280154.17
1227		1665190.202	12288270.96
1228		1680709.057	12282417.1
1229		1669423.791	12267110.75
1230		1672308.1	12280156.05
1231		1668117.072	12280396.07
1232		1670956.002	12273023.23
1233		1672662.78	12274962.31
1234		1671318.211	12275473.15
1235		1672335.227	12264504.14
1236		1665933.126	12278562.68
1237		1663146.273	12278537.95
1238		1682276.293	12277412.61
1239		1674392.783	12285690.18
1240		1670329.068	12288635
1241		1673371.941	12284429.27
1242		1675902.34	12286396.37
1243		1668000	12291699.66
1244		1677022.94	12277941.04
1245		1674265.508	12278166.09
1246		1675749.628	12269288.39
1247		1677199.842	12269021.6
1248		1667245.431	12286219.52
1249		1673675.131	12280706.12
1250		1674805.914	12287986.7
1251		1665190.378	12288170.96
1252		1674411.76	12272915.03
1253		1673474.01	12270330.34
1254		1680144.87	12279506.04
1255		1679631.809	12279453.92
1256		1685132.311	12276242.56
1257		1682030.5	12277936.38
1258		1683555.228	12271843.6
1259		1664906.443	12290753.1
1260		1668187.36	12280846.14
1261		1664850.226	12278036.01
1262		1681157.753	12281069.35
1263		1670388.718	12288778.96
1264		1660730.751	12282591.28
1265		1671979.518	12283141.71
1266		1666725.338	12276461.77
1267		1684366.572	12273768.47
1268		1673799.06	12274454.79
1269		1668000	12261168.08
1270		1678304.598	12283921.95
1271		1692851.461	12276000
1272		1678951.574	12282075.1
1273		1680608.451	12271640.6
1274		1673833.483	12274468.26
1275		1667533.413	12279353.28
1276		1672218.172	12264992.42
1277		1675446.082	12268159.05
1278		1684198.23	12272877.89
1279		1664792.271	12289137.23
1280		1665258.138	12281055.89
1281		1674672.54	12274707.53
1282		1669509.102	12282927.1
1283		1661243.161	12292686.45
1284		1668968.36	12276820.47
1285		1680603.552	12282881.79
1286		1680506.518	12283208.23
1287		1670352.165	12282530.47
1288		1678310.357	12283510.56
1289		1664736.5	12293100.72
1290		1685350.435	12275080.84
1291		1679631.535	12279302.1
1292		1663138.085	12276338.23
1293		1680893.471	12273700.76
1294		1663614.618	12256335.72
1295		1673580.989	12292173.09
1296		1670705.703	12291449.68
1297		1670978.485	12282522.54
1298		1667050.191	12275943.06
1299		1681350.892	12280581.01
1300		1668491.078	12280304.03
1301		1663977.929	12286492.87
1302		1671664.499	12282532.36
1303		1682339.371	12271067.98
1304		1661621.058	12283552.99
1305		1685492.44	12276001.54
1306		1664608.861	12257990.58
1307		1687346.65	12275199.65
1308		1673952.881	12277207.01
1309		1668185.209	12280838.05
1310		1668558.801	12285264.12
1311		1665101.421	12280947.88
1312		1668036.283	12268070.73
1313		1673976.937	12274076.09
1314		1683199.396	12273043.81
1315		1669529.93	12264479.19
1316		1687680.33	12275449.11
1317		1685356.981	12275067.29
1318		1685011.028	12276592.13
1319		1674297.322	12274578.37
1320		1669073.718	12261975.16
1321		1664887.749	12293210.24
1322		1673577.798	12278791.4
1323		1677141.175	12283196.35
1324		1675742.501	12267748.18
1325		1669854.01	12286627.43
1326		1678767.61	12275665.12
1327		1675750.869	12268360.81
1328		1674558.241	12285946.46
1329		1674122.951	12267129.31
1330		1671006.44	12264364.65
1331		1673763.4	12286115.5
1332		1668499.692	12281312.28
1333		1670309.317	12288535.9
1334		1673864.94	12286437.73
1335		1673335.512	12278701.95
1336		1675716.418	12273535.47
1337		1683291.872	12277627.65
1338		1675769.31	12283440.15
1339		1680441.826	12279705.87
1340		1692404.55	12281976.28
1341		1662629.759	12257194.32
1342		1681682	12279248.94
1343		1675977.022	12268144.8
1344		1665257.401	12258616.74
1345		1669590.408	12282026.77
1346		1675636.607	12286404.26
1347		1669592.73	12281779.45
1348		1675374.169	12285510.39
1349		1664801.139	12277776.16
1350		1663145.438	12283703.22
1351		1663358.077	12278597.84
1352		1674662.308	12285532.22
1353		1680164.064	12279489.2
1354		1685564.439	12276088.17
1355		1672969.051	12284112.09
1356		1675038.62	12266095.41
1357		1664838.88	12290768.44
1358		1678341.295	12269427.8
1359		1671856.241	12264646.38
1360		1671154.101	12275606.75
1361		1687535.922	12275441.46
1362		1663438.06	12276268.37
1363		1669631.966	12279948.52
1364		1681878.17	12283848.51
1365		1680674.692	12280145.97
1366		1663080.676	12283085.39
1367		1670421.33	12263275.99
1368		1670449.425	12263319.61
1369		1685027.765	12272594.07
1370		1666891.389	12284723.27
1371		1665207.339	12284644.35
1372		1673749.076	12274258.12
1373		1665706.941	12278603.63
1374		1661272.579	12256762.24
1375		1681613.548	12277926.16
1376		1670506.122	12285411.08
1377		1681313.25	12281877.69
1378		1667910.437	12280654.86
1379		1667712.502	12260947.01
1380		1674360.388	12287325.31
1381		1679341.161	12266512.33
1382		1680744.733	12279313.78
1383		1675979.152	12269249.15
1384		1691268.352	12273303.59
1385		1672219.311	12273627.2
1386		1671675.583	12280408.98
1387		1689110.1	12274956.44
1388		1678913.379	12274857.15
1389		1667041.606	12278392.68
1390		1680867.04	12282097.98
1391		1688940.493	12274847.06
1392		1673990.212	12290079.42
1393		1674436.471	12285662.47
1394		1684789.181	12273453.59
1395		1671893.871	12278069.18
1396		1680652.79	12279603.17
1397		1684632.148	12273382.64
1398		1679269.563	12283261.48
1399		1679280.253	12279559.27
1400		1667456.457	12278952.13
1401		1657954.962	12284289.34
1402		1674714.381	12287354.34
1403		1681500.4	12280084.72
1404		1664599.956	12277333.74
1405		1669619.096	12279615.99
1406		1672775.941	12274366.35
1407		1672168.86	12286075.26
1408		1672250.878	12283981.02
1409		1670437.272	12273521.05
1410		1669861.731	12264000
1411		1662702.328	12281241.04
1412		1657953.221	12284279.99
1413		1669362.211	12271639.15
1414		1672497.519	12267923.03
1415		1678413.568	12275685.11
1416		1668087.7	12267930.24
1417		1664509.979	12286399.04
1418		1677744.88	12276407.3
1419		1681060.985	12281091.92
1420		1683331.341	12272443.97
1421		1678152.412	12276490.2
1422		1657764.137	12283586.1
1423		1672025.861	12286342.6
1424		1673453.001	12288390.37
1425		1668194.503	12278996.05
1426		1674334.669	12271454.36
1427		1680818.969	12281860.2
1428		1683710.27	12273327.12
1429		1668592.548	12277959.77
1430		1687545.719	12274859.42
1431		1665185.762	12277941.02
1432		1670868.462	12263394.04
1433		1663792.79	12295744.75
1434		1674362.223	12273404.07
1435		1673795.886	12274177.11
1436		1692571.044	12274473.07
1437		1681302.141	12281996.08
1438		1660219.521	12284565.34
1439		1681333.091	12270993.32
1440		1667635.878	12276594.7
1441		1673828.928	12288576.18
1442		1664810.089	12258187.81
1443		1679983.172	12279289.52
1444		1676182.309	12269540.18
1445		1666498.218	12286840.22
1446		1691879.578	12280684.61
1447		1681057.917	12272155.81
1448		1682167.929	12277599.61
1449		1668578.9	12275161.16
1450		1669540.752	12280349.63
1451		1680848.288	12279673.08
1452		1675809.979	12286357.64
1453		1678780.652	12274395.2
1454		1679904.279	12259739.67
1455		1675714.03	12267988.21
1456		1669322.021	12280441.39
1457		1663018.593	12276433.66
1458		1670178.884	12280526.01
1459		1674260.462	12281870.47
1460		1678855.597	12283119.24
1461		1685666.188	12275869.94
1462		1667471.731	12275225.33
1463		1680280.357	12280152.55
1464		1679251.344	12274945.79
1465		1679540.542	12260421.06
1466		1667953.077	12284065.44
1467		1665722.993	12292820.7
1468		1660944.513	12282943.25
1469		1663650.094	12276942.54
1470		1663058.881	12276389.12
1471		1664634.919	12292966.54
1472		1670654.569	12290043.53
1473		1666131.889	12287015.12
1474		1688275.958	12275362.95
1475		1674340.801	12272901.42
1476		1669145.709	12266863
1477		1671619.57	12265378.91
1478		1665589.971	12282579.53
1479		1685787.167	12275178.07
1480		1665035.131	12280902.19
1481		1689208.695	12283860.65
1482		1673671.92	12286930.25
1483		1662870.903	12279846.41
1484		1675660.09	12269301.8
1485		1669385.509	12289035.54
1486		1679987.981	12283156.55
1487		1669352.18	12266578.52
1488		1683143.941	12277742.56
1489		1671220.39	12282835.89
1490		1667928.169	12278785.8
1491		1665770.679	12278133.83
1492		1662211.058	12281038.94
1493		1664652.561	12289152.8
1494		1674751.728	12286289.59
1495		1667519.716	12279326.46
1496		1662994.848	12276470.95
1497		1667765.656	12284493.78
1498		1674432.506	12272640.5
1499		1662789.471	12283162.32
1500		1663772.822	12295511.64
1501		1667533.56	12263563.94
1502		1691285.33	12273330.62
1503		1693116.353	12282162.58
1504		1674082.991	12277507.64
1505		1670519.7	12266504.87
1506		1681713.712	12278406.75
1507		1668008.606	12284893
1508		1672205.941	12275412.64
1509		1683409.181	12277242.58
1510		1675089.042	12274965.31
1511		1682009.766	12275979.1
1512		1672301.317	12280115.92
1513		1672482.589	12279063.64
1514		1669862.726	12279663.15
1515		1664618.769	12289164.83
1516		1663440.452	12285655.3
1517		1681420.68	12280573.2
1518		1673706.118	12286651.86
1519		1679174.4	12276906.37
1520		1663235.357	12256493.4
1521		1681393.703	12278491.73
1522		1672916.446	12279872.86
1523		1664783.473	12285132.7
1524		1678597.549	12275124.19
1525		1670419.512	12272050.46
1526		1680117.332	12279690.56
1527		1693840.231	12276529.54
1528		1662158.67	12294375.23
1529		1679266.929	12279558.98
1530		1683027.315	12277971.88
1531		1670296.771	12284293.5
1532		1675326.217	12268914.23
1533		1675336.85	12266088.7
1534		1664871.599	12292768.51
1535		1664848.772	12293737.73
1536		1686927.088	12285507.07
1537		1683243.695	12282379.26
1538		1673587.96	12284638.15
1539		1673805.728	12275482.38
1540		1673879.522	12270765.63
1541		1665016.921	12284875.2
1542		1663985.331	12277279.11
1543		1688590.785	12283722.03
1544		1683476.048	12273178.61
1545		1667715.009	12263080.55
1546		1666711.301	12293500.6
1547		1680781.274	12273422.07
1548		1681478.802	12271556.13
1549		1661098.249	12283944.93
1550		1673755.569	12277242.69
1551		1682470.321	12282099.66
1552		1682174.741	12281551.74
1553		1668747.541	12283642.38
1554		1678951.041	12282695.1
1555		1666920.389	12293484.75
1556		1666934.971	12260163.14
1557		1683370.785	12282182.88
1558		1681107.172	12281097.12
1559		1666442.042	12277432.41
1560		1672926.268	12279641.83
1561		1668484.25	12281312.27
1562		1665173.515	12278260.18
1563		1670735.69	12263567.73
1564		1663277.329	12257432.09
1565		1679404.809	12276647.29
1566		1684985.461	12276341.43
1567		1662225.791	12256329.69
1568		1673854.061	12267224.02
1569		1672381.135	12285336.29
1570		1668769.762	12283677.64
1571		1670473.579	12263296.22
1572		1676578.548	12269464.58
1573		1662882.04	12280743.45
1574		1665607.515	12278297.61
1575		1669075.983	12283312.36
1576		1663358.335	12295145.57
1577		1667907.664	12283910.34
1578		1673475.222	12286561.25
1579		1664920.501	12291452.88
1580		1665213.434	12278259.06
1581		1682694.573	12278265.29
1582		1677786.581	12277100.73
1583		1662922.468	12276584.65
1584		1668086.401	12278422.36
1585		1670284.762	12284215.32
1586		1673857.698	12274937.58
1587		1680888.527	12279304.55
1588		1673233.333	12273315.24
1589		1661363.502	12256769.65
1590		1662801.222	12281064.27
1591		1674825.804	12272219.04
1592		1675532.721	12266085.5
1593		1669560.904	12282691.29
1594		1669232.171	12281827.3
1595		1672823.061	12279784.47
1596		1666774.936	12284276.52
1597		1674607.012	12283905.48
1598		1666714.594	12276478.3
1599		1682208.689	12284132.83
1600		1662906.809	12283538.4
1601		1668867.652	12291762.29
1602		1691639.806	12274625.53
1603		1662006.819	12283689.68
1604		1692500.171	12275809.29
1605		1663117.233	12283980.09
1606		1680856.693	12279282.73
1607		1671346.441	12264185.53
1608		1690968.05	12274277.54
1609		1675609.652	12285918.72
1610		1675222.162	12270097.16
1611		1674838.956	12272224.58
1612		1674471.238	12266092.54
1613		1670247.84	12284806.02
1614		1677454.859	12280283.12
1615		1673563.864	12273399.69
1616		1663922.461	12285358.51
1617		1670182.05	12284223.5
1618		1659686.972	12283815.98
1619		1693275.036	12276265.37
1620		1660588.932	12283805.79
1621		1677591.522	12269019.12
1622		1678243.965	12269595.32
1623		1670514.441	12273264.41
1624		1674319.829	12266165.62
1625		1674361.621	12272944.74
1626		1673621.347	12284529.97
1627		1686425.775	12276011.92
1628		1661491.53	12293122.17
1629		1686796.483	12284325.77
1630		1674424.347	12273237.84
1631		1662216.129	12256929.53
1632		1676617.382	12277692.87
1633		1693215.431	12276229.02
1634		1667404.803	12279825.13
1635		1675723.221	12286380.97
1636		1666420.808	12286634.66
1637		1667296.508	12286221.18
1638		1681600.441	12283898.57
1639		1670101.892	12281891.33
1640		1664772.598	12292311.05
1641		1682371.795	12277957.12
1642		1673198.971	12284430.77
1643		1672165.8	12279878.36
1644		1666040.282	12279158.82
1645		1672415.267	12264275.98
1646		1678470.437	12269896.61
1647		1668818.201	12283534.93
1648		1681741.048	12271928.66
1649		1668777.278	12274783.85
1650		1672170.998	12283080.04
1651		1663229.61	12276549.53
1652		1672032.193	12283103.26
1653		1685320.063	12275079.07
1654		1670770.998	12291030.73
1655		1689003.518	12275113.83
1656		1672044.018	12280300.04
1657		1663854.918	12295931.92
1658		1670257.13	12287336.06
1659		1676365.749	12283420.31
1660		1668435.524	12289751.02
1661		1673543.211	12277959.95
1662		1671228.111	12290914.04
1663		1673629.969	12288932.43
1664		1674362.252	12273253.47
1665		1682759.191	12273046.05
1666		1671245.343	12287707.86
1667		1683189.439	12277539.7
1668		1675402.042	12286314.64
1669		1677474.04	12277937.75
1670		1659446.59	12284113.29
1671		1669887.396	12283914.41
1672		1668420.295	12289417.36
1673		1673864.752	12278380.58
1674		1676733.561	12268828.22
1675		1684492.229	12274167.74
1676		1669735.078	12280278.56
1677		1662892.44	12280000
1678		1666291.78	12292890.71
1679		1675866.348	12267163.45
1680		1672906.222	12279610.91
1681		1674685.16	12286696
1682		1662334.471	12275527.77
1683		1678712.904	12276757.52
1684		1687646.53	12275447.26
1685		1678313.819	12283334.17
1686		1667537.488	12275364.84
1687		1680269.54	12272301.88
1688		1680136.08	12259380.84
1689		1675746.429	12268720.72
1690		1685651.942	12275855.27
1691		1664857.848	12293643.94
1692		1686514.707	12272958.65
1693		1667678.829	12283986.25
1694		1671570.82	12272898.47
1695		1681167.612	12273617.48
1696		1673799.752	12275194.15
1697		1692662.672	12275887.68
1698		1680113.081	12274442.98
1699		1671333.489	12293006.75
1700		1684186.409	12276441.9
1701		1670877.727	12273126.47
1702		1684774.169	12274502.05
1703		1667685.526	12279697.42
1704		1666400.402	12277919.81
1705		1675717.381	12272482.78
1706		1671701.31	12266075.71
1707		1673577.528	12276992.88
1708		1664935.553	12291169.27
1709		1683152.399	12277932.88
1710		1685532.855	12287517.82
1711		1673104.079	12266003.77
1712		1679085.972	12272763.39
1713		1674772.503	12272535.38
1714		1657863.035	12284720.25
1715		1673820.154	12275195.86
1716		1665175.87	12278242
1717		1671634.062	12275365.93
1718		1676746.64	12268810.1
1719		1668562.357	12283633.91
1720		1676630.019	12277686.55
1721		1681619.332	12279589.92
1722		1670070.762	12272200.49
1723		1663855.831	12292947.7
1724		1679556.008	12275027.46
1725		1673318.357	12277734.48
1726		1684559.752	12273298.83
1727		1679248.038	12272884.67
1728		1673715.51	12275856.26
1729		1663734.545	12276569.24
1730		1668428.09	12289757.07
1731		1675574.606	12286112.95
1732		1679300.369	12270099.6
1733		1666493.77	12293517.1
1734		1665089.33	12294336.25
1735		1677487.479	12269148.05
1736		1677620.321	12275855.83
1737		1670691.31	12288187.48
1738		1668397.689	12263650.4
1739		1672251.751	12279829.09
1740		1674887.801	12270309.37
1741		1683951.934	12277043.71
1742		1668948.331	12263759.57
1743		1672858.27	12284010.93
1744		1664317.004	12276832.53
1745		1681953.422	12272291.41
1746		1666311.351	12284236.63
1747		1692322.028	12275732.6
1748		1668025.076	12280424.2
1749		1666579.082	12287087.6
1750		1680806.37	12282094.46
1751		1677032.909	12278380.17
1752		1692815.301	12276647.43
1753		1663928.601	12294569.09
1754		1664843.91	12290258.22
1755		1664788.851	12285130.12
1756		1668066.548	12280526.38
1757		1668058.897	12267885.67
1758		1674721.369	12287956.04
1759		1670121.782	12289005.52
1760		1666694.151	12284031.2
1761		1673674.849	12274910.52
1762		1682000.194	12272407.72
1763		1676929.301	12268558.73
1764		1670862.351	12266836.34
1765		1664964.369	12279299.78
1766		1687160.671	12275419.64
1767		1671275.891	12293951.69
1768		1667209.509	12260500.24
1769		1693954.03	12277577.76
1770		1692035.8	12281559.78
1771		1665426.631	12258785.61
1772		1670351.203	12284557.44
1773		1667142.069	12290822.87
1774		1674140.351	12274464.35
1775		1665653.091	12283320.32
1776		1675060.009	12283495.82
1777		1675068.918	12274662.3
1778		1692869.7	12272765.54
1779		1673436.404	12292721.17
1780		1673205.824	12284340.25
1781		1670257.687	12284178.7
1782		1669877.869	12281433.94
1783		1675665.947	12285841.66
1784		1675889.433	12267036.84
1785		1691645.021	12274518.81
1786		1669837.814	12283528.2
1787		1667919.702	12274942.55
1788		1678992.079	12263547.73
1789		1684897.52	12274658.97
1790		1673916.32	12266089.17
1791		1669960.481	12288685.63
1792		1684716.837	12273420.9
1793		1663359.552	12292569.71
1794		1674728.385	12284207.4
1795		1692575.21	12274043.32
1796		1683587.451	12277404.63
1797		1687041.436	12275413.37
1798		1665840.11	12260530.4
1799		1664530.647	12284925.43
1800		1664916.27	12286918.4
1801		1684406.729	12273686.14
1802		1670303.607	12280731.38
1803		1685017.111	12275182.03
1804		1671532.51	12293904.07
1805		1693643.168	12274381.64
1806		1693909.416	12276925.79
1807		1673701.78	12276507.88
1808		1665116.519	12293013.7
1809		1677152.93	12283190.43
1810		1675150.9	12284683.24
1811		1666319.621	12284211.44
1812		1687705.172	12284306.91
1813		1670146.829	12271940.82
1814		1674391.518	12287659.11
1815		1675081.821	12283466.17
1816		1667392.109	12284337.39
1817		1664355.564	12276838.54
1818		1674301.651	12285967.45
1819		1681580.125	12279757.81
1820		1683114.568	12272389.05
1821		1673488.37	12266442.21
1822		1670058.953	12286042.22
1823		1666159.209	12278035.19
1824		1692909.62	12273837.36
1825		1674158.599	12274614.55
1826		1663854.201	12279649.33
1827		1672846.498	12292906.23
1828		1677305.039	12283638.29
1829		1670769.859	12264800.39
1830		1666951.9	12261536.76
1831		1668009.61	12285099.89
1832		1670261.619	12275875.06
1833		1683929.877	12277025.27
1834		1666331.749	12280043.52
1835		1663378.615	12279196.8
1836		1693083.888	12276307.55
1837		1667054.349	12262471.52
1838		1692894.669	12273440.44
1839		1673559.641	12280532.23
1840		1670903.389	12288268.9
1841		1681215.671	12280970.67
1842		1667888.159	12278376.72
1843		1670269.049	12287698.28
1844		1667501.829	12275299.09
1845		1674436.68	12272578.85
1846		1682204.13	12272442.75
1847		1669719.149	12262514.71
1848		1673109.81	12277712.02
1849		1669197.74	12289153.21
1850		1668881.329	12290075.46
1851		1680741.108	12282264.08
1852		1660347.218	12284346.87
1853		1678212.299	12269602.34
1854		1672092.781	12266469.35
1855		1668072.549	12267878.78
1856		1666792.852	12261651.39
1857		1678277.884	12269110.76
1858		1671327.468	12282681.02
1859		1675246.111	12287130.92
1860		1674428.439	12270052.76
1861		1670135.159	12263682.89
1862		1674402.298	12270813.76
1863		1681119.12	12283645.53
1864		1662535.961	12279677.7
1865		1679666.588	12273112.78
1866		1668900.359	12292486.62
1867		1668339.059	12289885.98
1868		1679706.024	12270138.29
1869		1672374.688	12265166.11
1870		1675374.98	12268112.95
1871		1681524.378	12271788.59
1872		1665852.218	12278449.91
1873		1667811.58	12262088.43
1874		1665771.49	12260757.8
1875		1685008.931	12275185.01
1876		1675281.472	12269517.82
1877		1683309.345	12273151.27
1878		1665171.114	12278260.25
1879		1670433.778	12275861.1
1880		1669843.119	12281289.14
1881		1664614.57	12286680.32
1882		1670703.594	12291378.11
1883		1664467.848	12283957.5
1884		1669965.626	12283881.77
1885		1670458.301	12263309.31
1886		1683196.41	12274599.26
1887		1683010.358	12272718.91
1888		1680172.53	12272694.11
1889		1669693.991	12273931.05
1890		1676298.341	12282743.06
1891		1665187.261	12278198.29
1892		1663793.343	12277091.95
1893		1662265.58	12279700.49
1894		1692774.796	12274449.14
1895		1665289.194	12288155.63
1896		1663555.042	12279638.44
1897		1675517.84	12285905.87
1898		1665362.893	12283047.17
1899		1664403.422	12288334.41
1900		1666056.981	12259397.41
1901		1674595.99	12284047.17
1902		1661631.749	12256801.23
1903		1683152.149	12277930.73
1904		1676927.273	12277505.57
1905		1670621.322	12282377.84
1906		1689132.243	12275200.3
1907		1666090.998	12260675.37
1908		1692000	12274330.13
1909		1663676.382	12286297.42
1910		1665663.45	12283170.49
1911		1665615.027	12278511.92
1912		1681587.919	12271013.06
1913		1674735.561	12283782.77
1914		1681252.821	12280907.38
1915		1667793.578	12275161.36
1916		1688621.419	12283454.26
1917		1692658.31	12275897.84
1918		1672772.819	12274685.29
1919		1663131.454	12284408.42
1920		1674300.881	12278159.96
1921		1664932.51	12294144.64
1922		1672692.644	12265373.41
1923		1664062.782	12294755.89
1924		1669973.121	12282253
1925		1673647.201	12270513.68
1926		1672640.56	12285165.58
1927		1683294.645	12277397.45
1928		1666661.981	12259812.6
1929		1667428.142	12290612.56
1930		1673569.872	12292813.26
1931		1674138.069	12277723.89
1932		1679416.798	12279562.27
1933		1674373.725	12273307.53
1934		1667608.82	12285059.46
1935		1673488.157	12278715.63
1936		1678903.344	12279275.32
1937		1680133.61	12266654.32
1938		1678940.679	12266453.4
1939		1671351.54	12292942.28
1940		1670318.431	12286203.35
1941		1683203.115	12277551.44
1942		1674465.16	12270427.4
1943		1674265.525	12273641.45
1944		1675551.591	12286381.21
1945		1667485.391	12285684.35
1946		1662937.803	12279694.89
1947		1679283.723	12270098.02
1948		1665925.528	12260427.68
1949		1662493.662	12256617.71
1950		1680526.109	12283212.28
1951		1664475.417	12285176.85
1952		1680204.848	12280197.79
1953		1679631.653	12279326.36
1954		1671477.652	12265059.29
1955		1668898.04	12294195.02
1956		1668289.858	12267608.49
1957		1681885.215	12272620.36
1958		1669670.738	12264237.22
1959		1666791.349	12284299.23
1960		1674162.85	12277823.38
1961		1680562.703	12272323.1
1962		1680843.693	12282101.51
1963		1683404.979	12277720.93
1964		1675431.39	12268915.37
1965		1674181.852	12284222.01
1966		1691680.492	12281568.23
1967		1680280.538	12259421.23
1968		1669204.286	12274173.9
1969		1692134.972	12280489.44
1970		1659985.689	12284079.55
1971		1671448.148	12273172.98
1972		1687058.668	12275414.28
1973		1668187.089	12290448.86
1974		1680570.448	12273443.55
1975		1681420.479	12271812.91
1976		1674259.082	12285500.41
1977		1674512.899	12273295.79
1978		1672616.09	12265429.31
1979		1668457.692	12289125.7
1980		1668875.099	12283806.36
1981		1675138.931	12285645.62
1982		1673072.921	12289959.5
1983		1669604.875	12284625.79
1984		1673318.849	12292718.88
1985		1691061.84	12274351.84
1986		1674088.799	12285266.84
1987		1661973.457	12294184.31
1988		1673183.316	12265164.15
1989		1664167.111	12292903.61
1990		1673572.207	12278722.04
1991		1680794.958	12282092.31
1992		1673462.832	12278386.5
1993		1664886.041	12293232.19
1994		1670308.293	12286797.46
1995		1668011.248	12267909.7
1996		1678471.269	12269888.15
1997		1679930.256	12270197.58
1998		1664726.571	12277607.43
1999		1673806.588	12286446.12
2000		1666356.05	12280400.29
2001		1691218.529	12274540.56
2002		1674219.158	12270999.06
2003		1677050.379	12279840.2
2004		1683533.2	12276438.1
2005		1673949.121	12274513.5
2006		1669909.711	12285932.99
2007		1678272.539	12269589
2008		1666177.633	12292807.15
2009		1673321.188	12270112.33
2010		1670869.732	12288748.38
2011		1668487.945	12277459.83
2012		1665553.136	12282373.69
2013		1669576.17	12283750.64
2014		1666029.644	12293551.67
2015		1674836.691	12268191.98
2016		1688526.658	12275332.34
2017		1679285.259	12273623.36
2018		1674108.812	12264780.2
2019		1664911.342	12291753.53
2020		1672850.938	12274779.01
2021		1675278.339	12270149.64
2022		1674347.49	12287817.38
2023		1681135.68	12281106.96
2024		1686580.583	12272900.97
2025		1678450.269	12270101.47
2026		1662267.39	12283663
2027		1678950.562	12283015.1
2028		1661137.791	12284313.19
2029		1668991.609	12291180.55
2030		1663502.789	12286023.08
2031		1668559.694	12285273.63
2032		1666869.951	12260448.53
2033		1670838.168	12287366.92
2034		1674299.235	12282281.27
2035		1666463.865	12278010.81
2036		1683212.385	12273390.76
2037		1669233.748	12264762.07
2038		1664983.628	12286874.08
2039		1674447.436	12272579.58
2040		1674577.681	12285404.57
2041		1663495.199	12285885.27
2042		1674383.096	12273210.84
2043		1663072.676	12276380.25
2044		1679127.378	12283014.52
2045		1683340.569	12271609.51
2046		1683129.043	12277764.76
2047		1669822.983	12275992.4
2048		1664841.718	12294068.63
2049		1668919.929	12271577.98
2050		1669332.888	12262215.36
2051		1662473.718	12282575.4
2052		1679428.328	12270111.81
2053		1681452.268	12273720.01
2054		1675731.209	12269164.97
2055		1672523.279	12275125.83
2056		1688845.462	12275885.32
2057		1663833.889	12279948.89
2058		1674456.64	12284059.48
2059		1675327.122	12270040.99
2060		1663091.559	12283526.8
2061		1671313.509	12272422.78
2062		1682037.861	12272331.22
2063		1672590.748	12265455.54
2064		1691229.42	12273921.88
2065		1674368.162	12273205.42
2066		1686610.639	12272676.11
2067		1668463.131	12261521.43
2068		1670740.7	12290560.56
2069		1663539.862	12285876.88
2070		1670761.569	12286867.7
2071		1674960.526	12287859.84
2072		1672604.92	12283769.54
2073		1673164.229	12265260.11
2074		1675620.432	12285903.96
2075		1667367.197	12260704.29
2076		1691331.98	12281760.7
2077		1664557.157	12289003.66
2078		1670067.87	12267015.9
2079		1668140.911	12290267.46
2080		1668441.021	12274683.34
2081		1668090.915	12267899.06
2082		1667489.09	12263025.61
2083		1664577.641	12292312.46
2084		1664871.869	12287436.38
2085		1667597.831	12262647.31
2086		1671749.569	12282953.56
2087		1667921.66	12275065.24
2088		1671441.542	12265116.16
2089		1667613.391	12279729.14
2090		1668736.781	12294111.88
2091		1664842.419	12294274.31
2092		1680151.321	12279794.22
2093		1668691.565	12283575.47
2094		1692000	12275591.11
2095		1678951.701	12282375.1
2096		1674474.31	12274550.65
2097		1677018.778	12277779.51
2098		1687296.9	12275425.36
2099		1668162.21	12295141.73
2100		1668264.598	12280087.06
2101		1673877.429	12276709.06
2102		1675646.827	12269487.11
2103		1671721.974	12282999.29
2104		1674203.454	12277721.84
2105		1677511.4	12279905.73
2106		1674083.089	12286274.27
2107		1690139.95	12275145.11
2108		1670007.593	12283889.78
2109		1675577.142	12285840.54
2110		1669819.759	12264362.78
2111		1669658.368	12288873.04
2112		1680868.572	12272156.55
2113		1681765.891	12279249.31
2114		1669959.351	12285536.35
2115		1675117.935	12284672.1
2116		1680410.889	12283260.85
2117		1664756.599	12277870.13
2118		1678995.602	12264000
2119		1673143.282	12279476.7
2120		1667948.452	12280440.23
2121		1667522.431	12263268.59
2122		1674031.512	12281160.38
2123		1680988.146	12272155.17
2124		1692128.181	12278504.21
2125		1661735.668	12283708.95
2126		1681495.481	12271796.21
2127		1668027.251	12267901.63
2128		1670641.019	12288174.53
2129		1663025.941	12282462.9
2130		1670629.731	12286195.49
2131		1663985.302	12295077.22
2132		1692720.819	12275752.4
2133		1673829.862	12274652.99
2134		1669663.697	12282007.37
2135		1665334.459	12292936.69
2136		1671578.561	12287785.56
2137		1671591.57	12282867.56
2138		1672815.549	12279471.09
2139		1663090.592	12295114.37
2140		1681804.921	12278707.63
2141		1692308.569	12274176.1
2142		1675902.434	12266895.66
2143		1665633.024	12282778.97
2144		1674496.109	12271739.56
2145		1666508.307	12287158.25
2146		1668562.639	12283624.86
2147		1666196.36	12293191.21
2148		1689137.261	12275255.55
2149		1666837.31	12260148.76
2150		1691955.006	12280203.12
2151		1674396.748	12286059.08
2152		1673706.032	12266690.1
2153		1676964.867	12283336.69
2154		1668273.703	12279283.97
2155		1681762.319	12278912.14
2156		1669554.785	12284084.94
2157		1662332.488	12281385.31
2158		1673335.245	12273784.14
2159		1674387.098	12285681.38
2160		1681987.451	12283849.92
2161		1674393.729	12268162.92
2162		1691639.18	12274638.37
2163		1666366.602	12276972.91
2164		1663798.463	12277096.94
2165		1674365.262	12273394.88
2166		1675227.29	12272224.58
2167		1672215.702	12280210
2168		1677893.942	12269397.97
2169		1684897.573	12274659.03
2170		1673317.46	12274385.03
2171		1687194.52	12275470.82
2172		1669262.22	12279902.08
2173		1670826.331	12287978
2174		1688886.877	12283551.15
2175		1683321.482	12273121.18
2176		1663129.508	12284971.94
2177		1669739.641	12283374.82
2178		1672616.639	12280200.59
2179		1672122.911	12287486.35
2180		1674047.994	12277378.65
2181		1678081.579	12276612.31
2182		1674411.584	12272916.87
2183		1666147.949	12276548.46
2184		1669732.031	12281619.5
2185		1669846.15	12281959.05
2186		1674907.831	12271214.62
2187		1673479.551	12268148.8
2188		1674784.877	12288042.97
2189		1684775.181	12275194.84
2190		1684644.842	12274039.3
2191		1675529.522	12267938.29
2192		1680151.055	12279882.81
2193		1662294.358	12294510.76
2194		1667906.898	12278571.41
2195		1663073.921	12284758.02
2196		1669666.491	12282916.01
2197		1680766.008	12279313.02
2198		1679769.459	12272277.76
2199		1680874.478	12279310.7
2200		1670295.669	12285279.57
2201		1676764.269	12268785.84
2202		1676960.168	12283309.95
2203		1689003.74	12275275.92
2204		1679520.779	12273290.14
2205		1668275.989	12268196.02
2206		1681447.635	12271808.53
2207		1664459.729	12292966.33
2208		1674280.799	12288864.45
2209		1666833.959	12284485.09
2210		1675594.234	12268914.9
2211		1668904.893	12284707.68
2212		1667878.259	12280454.91
2213		1668919.614	12274519.65
2214		1685987.748	12286903.81
2215		1681668.258	12281849.41
2216		1661320.6	12257105.86
2217		1669591.366	12284597.09
2218		1664187.952	12278339.58
2219		1668077.62	12261226.41
2220		1666622.581	12293144.93
2221		1679076.281	12275088.39
2222		1668914.92	12291387.03
2223		1669966.863	12283882.01
2224		1669570.571	12282032.03
2225		1668824.918	12274227.21
2226		1675930.749	12266053.09
2227		1670054.28	12282289.44
2228		1686401.391	12272256.45
2229		1669497.06	12262370.69
2230		1674443.627	12272591.67
2231		1662651.448	12294426.1
2232		1681875.422	12277965.12
2233		1668039.498	12278121.91
2234		1692623.113	12274654.89
2235		1688774.659	12283600.21
2236		1677997.988	12282799.75
2237		1675915.992	12266339.62
2238		1667363.986	12262660.03
2239		1678680.82	12274800.65
2240		1666941.205	12293781.08
2241		1688940.248	12283804.63
2242		1668722.33	12292261.4
2243		1670575.34	12273409.62
2244		1668880.862	12263661.55
2245		1680008.661	12257374.18
2246		1674667.809	12270634.73
2247		1686166.703	12272059.92
2248		1669879.282	12286040.51
2249		1661332.896	12292865.19
2250		1668546.288	12289410.76
2251		1667706.534	12279688.89
2252		1670004.251	12275924.25
2253		1663711.828	12286326.97
2254		1662887.758	12280263.63
2255		1672653.921	12274970.94
2256		1674324.773	12272919.37
2257		1672817.765	12274156.19
2258		1672254.221	12284478.87
2259		1674023.66	12278355.89
2260		1663237.102	12285249.35
2261		1669875.858	12272140.26
2262		1673756.982	12275633.82
2263		1676973.067	12283383.37
2264		1665885.608	12283009.67
2265		1681808.231	12278691.89
2266		1688605.891	12274729.57
2267		1669417.163	12266173.5
2268		1664979.184	12278221.44
2269		1667666.91	12274675.65
2270		1668791.466	12277469.87
2271		1663085.288	12295128.58
2272		1672013.745	12283176.9
2273		1666495.241	12277209.92
2274		1673637.141	12278490.59
2275		1674304.252	12286384.71
2276		1670240.484	12281029.31
2277		1674706.078	12286937.61
2278		1683425.79	12271782.33
2279		1674600.84	12278118.37
2280		1674259.073	12278144.6
2281		1674545.896	12273316.11
2282		1670391.909	12288792.15
2283		1667364.199	12262666.54
2284		1670660.459	12289877.75
2285		1663078.919	12284777.38
2286		1668142.771	12280738.57
2287		1669626.096	12285173.31
2288		1668577.95	12267577.78
2289		1665619.626	12278214.79
2290		1663657.642	12286300.85
2291		1684389.051	12273101.22
2292		1673511.271	12278909.62
2293		1669980.523	12280472.91
2294		1681267.907	12282402.6
2295		1666671.36	12259988.93
2296		1692377.152	12277568.02
2297		1687522.11	12274646.61
2298		1678311.214	12282928.33
2299		1673685.781	12288009.3
2300		1672360.34	12273461.05
2301		1673880.419	12268381.51
2302		1684788.747	12273513.16
2303		1671541.251	12293404.44
2304		1675902.34	12286616.37
2305		1664895.331	12292976.68
2306		1670264.757	12284216.91
2307		1670298.082	12288479.51
2308		1665215.56	12278312.91
2309		1663660.104	12278329.16
2310		1685156.912	12275131.1
2311		1676878.932	12268204.08
2312		1675299.281	12272222.5
2313		1669788.179	12276294.96
2314		1673609.141	12277432.82
2315		1663258.889	12285227.37
2316		1673050.762	12280000
2317		1674432.408	12272635.72
2318		1664282.241	12288006.48
2319		1682523.478	12278161.72
2320		1670499.769	12263273.76
2321		1678869.068	12275043.43
2322		1672754.662	12292748.38
2323		1670397.983	12288817.28
2324		1670298.581	12284547.29
2325		1668726.143	12281507.69
2326		1673141.259	12265180.11
2327		1674888.19	12286519.26
2328		1673576.647	12278772.27
2329		1677286.251	12277347.32
2330		1664119.159	12292955.13
2331		1670500.74	12282482.72
2332		1668559.039	12285496.56
2333		1671865.961	12293311.37
2334		1691427.929	12274759.31
2335		1664706.354	12289606.37
2336		1666922.007	12284865.44
2337		1666242.649	12280091.58
2338		1674125.507	12289931.17
2339		1673723.706	12278537.64
2340		1667348.679	12262175.43
2341		1669579.529	12282832.1
2342		1673210.465	12284410.65
2343		1677542.329	12270485.01
2344		1672549.26	12266013.18
2345		1680891.452	12279281.76
2346		1680482.175	12266717.87
2347		1680568.654	12280108
2348		1680069.868	12259517.29
2349		1677718.711	12270263.75
2350		1679232.793	12279461.7
2351		1675528.821	12285635.9
2352		1680128.166	12279984.89
2353		1674785.921	12267722.97
2354		1674949.077	12288032.47
2355		1668960.492	12295553.18
2356		1681974.815	12272314.14
2357		1689139.469	12275313.9
2358		1668632.03	12292729.58
2359		1663803.62	12289424.93
2360		1670155.488	12285766.29
2361		1668209.159	12267644.61
2362		1665558.608	12284208.52
2363		1686592.609	12275382.03
2364		1666803.858	12284353.79
2365		1663226.948	12285259.59
2366		1669953.67	12283868.82
2367		1674355.739	12272896.54
2368		1679999.998	12283160.58
2369		1672012.319	12283106.58
2370		1660862.012	12284383.73
2371		1671626.599	12290731.96
2372		1671515.835	12264448.54
2373		1663113.776	12283526.51
2374		1678867.569	12283106.11
2375		1679418.227	12279173.26
2376		1673856.912	12275094.67
2377		1661279.243	12292537.77
2378		1681282.231	12280617.14
2379		1673847.368	12278358
2380		1682823.031	12282062.23
2381		1674657.262	12270642.91
2382		1673168.12	12265169.92
2383		1664254.249	12294927.92
2384		1672540.142	12280043.51
2385		1675069.062	12268213.64
2386		1663036.128	12276414.27
2387		1667267.881	12280190.73
2388		1671400.979	12272462.14
2389		1667354.389	12262365.85
2390		1674953.432	12287092.2
2391		1666660.039	12259978.32
2392		1672261.209	12284174.91
2393		1664414.616	12284352.21
2394		1684450.642	12274219.3
2395		1670317.464	12272009.43
2396		1673222.962	12284388.78
2397		1668492.159	12291965.68
2398		1667628.534	12260693.23
2399		1660445.547	12283864.33
2400		1679681.878	12273072.05
2401		1674435.492	12272591.95
2402		1692572.33	12274487.23
2403		1674009.033	12277235.02
2404		1673918.319	12277713.17
2405		1673326.615	12274380.45
2406		1672529.89	12283814.36
2407		1669782.911	12282802.01
2408		1668738.739	12283636.45
2409		1675592.289	12285432.09
2410		1666193.415	12278027.46
2411		1677709.31	12275595.63
2412		1675239.68	12283477.75
2413		1668040.33	12294429.41
2414		1667855.961	12277659.49
2415		1670040.148	12284867.05
2416		1664935.639	12258310.41
2417		1675715.251	12269482.82
2418		1666903.878	12284281.92
2419		1674352.589	12272802.66
2420		1679501.831	12272883.71
2421		1688350.546	12283854.03
2422		1664668.33	12287843.18
2423		1664200.69	12284146.32
2424		1667270.613	12275597.18
2425		1667488.84	12260775.16
2426		1663557.68	12292571.03
2427		1693072.882	12274424.75
2428		1669480.639	12286631.22
2429		1669182.909	12282460.46
2430		1681266.129	12271000.86
2431		1674740.906	12269044.55
2432		1674051.562	12277719.67
2433		1667350.289	12261158.47
2434		1681323.535	12280596.19
2435		1692047.928	12274556.97
2436		1691079.039	12282276.77
2437		1670342.556	12288439.96
2438		1664658.189	12290520.56
2439		1675345.017	12285527.15
2440		1674241.579	12268131.08
2441		1681282.44	12282199.12
2442		1669200.145	12276426.23
2443		1671424.728	12275265.88
2444		1679036.292	12279524.56
2445		1680836.508	12270559.92
2446		1663676.832	12276741.32
2447		1675895.27	12285561.63
2448		1674007.178	12268019.92
2449		1675139.099	12286953.79
2450		1673703.128	12274222.91
2451		1672261.458	12292775.21
2452		1668000	12290334.47
2453		1670220.069	12266387.77
2454		1668886.449	12292760.06
2455		1670043.97	12286085.05
2456		1672842.89	12279803.24
2457		1672366.062	12273673.98
2458		1676011.121	12268510.46
2459		1664595.79	12287986.25
2460		1664416.631	12284147.59
2461		1667200.084	12275753.26
2462		1663000.153	12280793.63
2463		1684905.47	12276397.93
2464		1664731.433	12277883.88
2465		1681314.159	12281246.15
2466		1675244.71	12285098.39
2467		1688024.03	12275130.75
2468		1670907.739	12289993.1
2469		1668812.721	12283524.26
2470		1668696.701	12261694.49
2471		1685000	12255000
2472		1674058.5	12277417
2473		1677018.5	12277727
2474		1666665.6	12259984
2475		1675299.281	12272222.5
2476		1674662	12284127
2477		1667696	12279693
2478		1682430	12272573
2479		1669707	12262520
2480		1668904.893	12284707.68
2481		1668568	12267576
2482		1668218.6	12267640
2483		1667613	12279509
2484		1673172	12284307
2485		1687131	12275417
2486		1661188.7	12256752
2487		1687768	12275448
2488		1682627	12277859
2489		1693245	12276247
2490		1680546	12283074
2491		1670355	12263215
2492		1668019.2	12267906
2493		1669591.366	12284597.09
2494		1673816	12274462
2495		1681687.6	12279249
2496		1674329	12271417
2497		1670472	12282433
2498		1664038.5	12277312
2499		1685935	12275211
2500		1664887.8	12292976
2501		1686005	12275651
2502		1675105	12286971
2503		1677131	12268993
2504		1671295.5	12264131
2505		1664396	12288335
2506		1672014.5	12283178
2507		1665068	12284806
2508		1681618.2	12279595
2509		1674305	12278160
2510		1664907.2	12293062
2511		1674580.6	12283931
2512		1680144.87	12279506.04
2513		1675055.8	12267912
2514		1672061	12283225
