     1		0	0	0	0	0	0
     2		140	70	140	70	350	175
     3		0	0	0	0	0	0
     4		0	0	0	0	85	40
     5		0	0	0	0	0	0
     6		0	0	0	0	85	40
     7		0	0	0	0	0	0
     8		0	0	140	70	21	10
     9		0	0	42	21	0	0
    10		0	0	0	0	0	0
    11		0	0	42	21	0	0
    12		17	8	21	10	0	0
    13		85	40	0	0	0	0
    14		0	0	0	0	0	0
    15		0	0	0	0	85	40
    16		8	4	85	40	0	0
    17		0	0	0	0	0	0
    18		0	0	0	0	42	21
    19		42	21	0	0	0	0
    20		42	21	0	0	0	0
    21		42	21	42	21	42	21	
    22		0	0	0	0	85	40
    23		0	0	0	0	0	0
    24		0	0	85	40	0	0
    25		0	0	0	0	0	0
    26		0	0	0	0	0	0
    27		0	0	0	0	42	21
    28		85	40	0	0	0	0
    29		0	0	0	0	42	21
    30		0	0	0	0	0	0
    31		0	0	0	0	85	40
    32		0	0	42	21	0	0
    33		140	70	0	0	0	0
    34		126	62	0	0	0	0	
    35		0	0	0	0	0	0
    36		0	0	0	0	85	40
    37		0	0	0	0	42	21