  438.0000    0.0067    0.0333	15
  439.0000    0.0067    0.0333	15
  440.0000    0.0040    0.0200	25
  441.0000    0.0100    0.0500	5	
  442.0000    0.0040    0.0200	25
  443.0000    0.0100    0.0500	10
  444.0000    0.0013    0.0067	25	
  445.0000    0.0020    0.0100	25
  446.0000    0.0100    0.0500	5
  447.0000    0.0022    0.0111	15
  448.0000    0.0007    0.0033	50
  449.0000    0.0040    0.0200	25
  450.0000    0.0003    0.0017	100
  451.0000    0.0001    0.0005	337.5
  452.0000    0.0067    0.0333	15
  453.0000    0.0002    0.0010	175
  454.0000    0.0100    0.0500	10
  455.0000    0.0001    0.0003	500
  456.0000    0.0001    0.0007	250